4.152822
4.204091
4.165029
4.223622
4.177235
4.184559
4.348134
4.243153
4.133290
4.069814
4.106435
4.213856
4.343251
4.277333
4.277333
4.194325
4.145497
4.211415
4.218739
4.206532
4.160146
4.177235
4.201649
4.133290
4.138173
4.057607
4.128407
4.040517
4.069814
4.047841
4.011220
4.125966
3.996572
4.103993
4.089345
4.103993
4.050282
4.028310
4.006337
4.023427
4.003896
3.911123
3.979482
4.020986
4.042958
3.996572
4.028310
4.028310
4.060048
3.999013
4.020986
3.940419
3.967275
3.986806
3.972158
3.930654
3.984365
3.952626
3.928213
3.913564
3.886709
3.891592
3.911123
3.923330
3.847646
3.881826
3.852529
3.742666
3.793936
3.786611
3.835439
3.820791
3.781729
3.813467
3.842763
3.696280
3.747549
3.825674
3.852529
3.801260
3.740225
3.686514
3.715811
3.791494
3.757314
3.793936
3.776846
3.762197
3.664541
3.796377
3.779287
3.732901
3.654776
3.676748
3.728018
3.703604
3.720694
3.713369
3.666983
3.659658
3.725576
3.688955
3.684072
3.703604
3.706045
3.627920
3.591299
3.659658
3.632803
3.652334
3.637686
3.657217
3.608389
3.635245
3.647452
3.715811
3.723135
3.830557
3.847646
3.749990
3.791494
3.869619
3.864736
3.872060
3.854970
3.913564
4.030751
4.108876
4.184559
4.233387
4.248036
4.260243
4.445789
4.428699
4.577625
4.653308
4.599597
4.616687
4.792468
4.934069
4.841296
4.926745
5.087878
5.104967
5.061022
5.131823
5.212389
5.222155
5.170885
5.151354
5.173326
5.102526
5.078112
4.995104
4.963366
5.036608
4.934069
4.951159
4.975573
4.904773
4.941393
5.017077
4.946276
4.943835
4.885242
4.838855
4.787585
4.790027
4.921862
4.978014
5.043932
5.190416
5.227037
5.300279
5.388170
5.632310
5.639634
5.786118
5.993637
6.132797
6.101058
6.271956
6.323226
6.249984
5.966782
5.876450
5.634751
5.512681
5.253893
5.061022
4.887683
4.819324
4.687488
4.643543
4.467762
4.272450
4.240712
4.103993
3.947744
3.850088
3.774404
3.603506
3.569327
3.435050
3.410636
3.327628
3.273917
3.239738
3.100578
3.122550
3.129875
3.146965
3.068840
3.000481
2.988274
3.012687
3.020012
3.007805
2.956535
3.017570
2.988274
2.951653
2.998039
2.902825
2.912590
2.834465
2.846672
2.866204
2.880852
2.912590
2.812493
2.834465
2.834465
2.846672
2.883293
2.868645
2.810051
2.878411
2.934563
2.856438
2.856438
2.829582
2.832024
2.832024
2.790520
2.792962
2.839348
2.890618
2.829582
2.780755
2.761223
2.783196
2.729485
2.780755
2.712395
2.780755
2.758782
2.705071
2.707513
2.792962
2.822258
2.775872
2.700188
2.656243
2.756341
2.702630
2.724602
2.678216
2.722161
2.792962
2.739251
2.763665
2.819817
2.753899
2.680657
2.727044
2.734368
2.812493
2.685540
2.678216
2.722161
2.707513
2.683099
2.692864
2.678216
2.749016
2.731926
2.658684
2.663567
2.680657
2.692864
2.712395
2.702630
2.666009
2.678216
2.670892
2.592767
2.658684
2.636712
2.624505
2.619622
2.641595
2.661126
2.636712
2.561028
2.534173
2.617181
2.661126
2.629388
2.661126
2.602532
2.580560
2.597650
2.644036
2.636712
2.636712
2.607415
2.587884
2.587884
2.570794
2.597650
2.548821
2.587884
2.578118
2.553704
2.604974
2.626946
2.646477
2.626946
2.663567
2.609857
2.624505
2.575677
2.509759
2.556146
2.531732
2.519525
2.546380
2.597650
2.551263
2.619622
2.587884
2.578118
2.587884
2.558587
2.509759
2.519525
2.543939
2.558587
2.634271
2.624505
2.587884
2.546380
2.612298
2.602532
2.570794
2.504876
2.536615
2.492669
2.521966
2.563470
2.546380
2.541497
2.575677
2.597650
2.529290
2.556146
2.592767
2.548821
2.502435
2.619622
2.626946
2.626946
2.658684
2.556146
2.497552
2.558587
2.497552
2.487787
2.600091
2.543939
2.578118
2.587884
2.543939
2.570794
2.526849
2.575677
2.600091
2.590325
2.585443
2.561028
2.507318
2.497552
2.534173
2.587884
2.592767
2.575677
2.543939
2.602532
2.624505