4.062490
4.060048
4.133290
4.096669
4.047841
3.981923
4.011220
4.084462
4.030751
4.050282
4.018544
4.038075
3.967275
4.020986
3.940419
3.857412
3.928213
4.006337
3.984365
4.006337
3.952626
3.986806
4.025868
3.984365
3.977041
3.986806
3.886709
3.955068
3.925771
3.884267
3.874502
3.947744
3.950185
3.901357
3.930654
3.962392
3.911123
3.959951
3.913564
3.969716
3.950185
3.930654
3.923330
3.876943
3.830557
3.857412
3.901357
3.876943
3.920888
3.903799
3.867177
3.813467
3.874502
3.852529
3.798818
3.830557
3.732901
3.674307
3.657217
3.703604
3.732901
3.732901
3.669424
3.693838
3.752432
3.713369
3.737783
3.676748
3.713369
3.696280
3.671865
3.713369
3.740225
3.603506
3.610831
3.593741
3.549796
3.637686
3.557120
3.598624
3.630362
3.576651
3.618155
3.669424
3.574209
3.518057
3.552237
3.588858
3.586416
3.576651
3.547354
3.630362
3.540030
3.525382
3.522940
3.503409
3.596182
3.513175
3.515616
3.447257
3.503409
3.469229
3.452140
3.439933
3.486319
3.408194
3.452140
3.457022
3.427726
3.430167
3.435050
3.437491
3.488760
3.383780
3.347159
3.342277
3.383780
3.342277
3.291007
3.388663
3.337394
3.395987
3.395987
3.283683
3.364249
3.403311
3.364249
3.322745
3.378898
3.317863
3.388663
3.337394
3.349601
3.330070
3.300773
3.325187
3.337394
3.410636
3.354484
3.388663
3.383780
3.427726
3.430167
3.403311
3.400870
3.459464
3.498526
3.586416
3.562003
3.576651
3.620596
3.583975
3.674307
3.640127
3.691397
3.659658
3.749990
3.845205
3.847646
3.850088
3.776846
3.806143
3.908681
3.881826
3.967275
3.967275
4.011220
4.160146
4.291981
4.299305
4.423817
4.606922
4.721668
4.919421
5.073229
5.324693
5.620103
5.793442
6.140121
6.320785
6.359847
6.525862
6.489241
6.459944
6.284163
5.971664
5.795884
5.412584
5.048815
4.826648
4.565418
4.340809
4.228505
4.006337
3.825674
3.720694
3.518057
3.461905
3.388663
3.303214
3.215324
3.168937
3.105461
3.098137
3.034660
2.983391
2.915032
2.927238
2.885735
2.910149
2.934563
2.902825
2.863762
2.851555
2.900383
2.853997
2.800286
2.861321
2.814934
2.800286
2.724602
2.751458
2.751458
2.783196
2.792962
2.827141
2.756341
2.822258
2.758782
2.731926
2.746575
2.756341
2.778313
2.717278
2.702630
2.661126
2.644036
2.639153
2.724602
2.756341
2.707513
2.680657
2.734368
2.722161
2.714837
2.724602
2.680657
2.700188
2.639153
2.602532
2.675774
2.702630
2.702630
2.668450
2.641595
2.678216
2.590325
2.648919
2.668450
2.744133
2.680657
2.685540
2.666009
2.626946
2.622064
2.666009
2.617181
2.626946
2.580560
2.575677
2.656243
2.622064
2.602532
2.604974
2.595208
2.617181
2.670892
2.595208
2.517083
2.517083
2.526849
2.602532
2.622064
2.585443
2.524408
2.587884
2.602532
2.597650
2.548821
2.602532
2.585443
2.602532
2.602532
2.626946
2.602532
2.568353
2.558587
2.534173
2.517083
2.524408
2.519525
2.558587
2.602532
2.600091
2.575677
2.519525
2.563470
2.597650
2.519525
2.558587
2.497552
2.526849
2.565911
2.536615
2.526849
2.504876
2.548821
2.536615
2.600091
2.548821
2.497552
2.521966
2.534173
2.497552
2.524408
2.509759
2.490228
2.492669
2.543939
2.543939
2.519525
2.539056
2.424310
2.499994
2.521966
2.539056
2.517083
2.507318
2.509759
2.556146
2.409662
2.463372
2.517083
2.524408
2.556146
2.446283
2.502435
2.512201
2.441400
2.446283
2.473138
2.497552
2.524408
2.519525
2.490228
2.446283
2.441400
2.524408
2.470697
2.543939
2.478021
2.490228
2.480462
2.478021
2.448724
2.404779
2.465814
2.468255
2.539056
2.438959
2.468255
2.451166
2.387689
2.404779
2.407220
2.453607
2.429193
2.402338
2.392572
2.380365
2.446283
2.426752
2.414545
2.431634
2.465814
2.475580
2.546380
2.470697
2.456048
2.470697
2.499994
2.529290
2.421869
2.441400
2.407220
2.468255
2.431634
2.407220
2.487787
2.465814