4.211415
4.184559
4.060048
4.143056
3.989248
3.981923
3.984365
3.989248
4.079579
3.952626
3.947744
3.950185
3.991689
3.950185
3.886709
3.972158
3.947744
3.891592
3.862295
3.781729
3.837881
3.828115
3.837881
3.891592
3.898916
3.862295
3.835439
3.874502
3.840322
3.964833
3.874502
3.840322
3.815908
3.793936
3.859853
3.891592
3.818350
3.767080
3.815908
3.820791
3.784170
3.742666
3.752432
3.789053
3.801260
3.862295
3.789053
3.801260
3.837881
3.811025
3.771963
3.830557
3.720694
3.688955
3.652334
3.681631
3.654776
3.627920
3.674307
3.676748
3.696280
3.686514
3.586416
3.637686
3.642569
3.615713
3.681631
3.615713
3.679190
3.610831
3.562003
3.562003
3.618155
3.569327
3.498526
3.588858
3.535147
3.613272
3.566885
3.542471
3.591299
3.505850
3.547354
3.486319
3.537589
3.505850
3.459464
3.496085
3.454581
3.410636
3.498526
3.547354
3.478995
3.415519
3.493643
3.457022
3.386222
3.447257
3.481436
3.444815
3.383780
3.415519
3.391104
3.386222
3.349601
3.330070
3.398429
3.376456
3.400870
3.327628
3.342277
3.356925
3.303214
3.295890
3.361808
3.337394
3.364249
3.288566
3.303214
3.288566
3.269035
3.239738
3.259269
3.247062
3.210441
3.266593
3.271476
3.205558
3.173820
3.173820
3.251945
3.239738
3.247062
3.254386
3.269035
3.227531
3.225089
3.222648
3.171379
3.176261
3.227531
3.276359
3.322745
3.234855
3.183586
3.166496
3.095695
3.134758
3.190910
3.261710
3.188468
3.183586
3.225089
3.173820
3.217765
3.266593
3.286124
3.281242
3.215324
3.356925
3.393546
3.400870
3.442374
3.452140
3.532706
3.557120
3.586416
3.732901
3.791494
3.842763
4.011220
4.106435
4.301747
4.406727
4.648426
4.750964
4.997546
5.058581
5.395494
5.695786
5.908188
6.171859
6.418440
6.689436
6.994611
7.065412
7.236310
7.297345
7.412090
7.338848
7.438946
7.436504
7.375469
7.182599
6.984845
6.953107
6.691877
6.479475
6.162094
5.964340
5.707993
5.402818
5.195299
5.061022
4.907214
4.680164
4.501942
4.360340
4.169911
3.950185
3.908681
3.732901
3.696280
3.608389
3.542471
3.425284
3.334952
3.293448
3.178703
3.183586
3.063957
3.049309
3.056633
2.988274
2.900383
2.873528
2.844231
2.858879
2.822258
2.792962
2.758782
2.780755
2.783196
2.829582
2.778313
2.734368
2.739251
2.741692
2.656243
2.705071
2.717278
2.678216
2.680657
2.656243
2.675774
2.685540
2.661126
2.678216
2.644036
2.666009
2.622064
2.717278
2.658684
2.646477
2.602532
2.580560
2.546380
2.565911
2.614739
2.722161
2.604974
2.561028
2.548821
2.622064
2.595208
2.656243
2.607415
2.590325
2.619622
2.546380
2.575677
2.585443
2.597650
2.546380
2.531732
2.541497
2.529290
2.514642
2.541497
2.548821
2.519525
2.543939
2.509759
2.568353
2.441400
2.507318
2.492669
2.509759
2.478021
2.524408
2.561028
2.492669
2.504876
2.519525
2.470697
2.424310
2.470697
2.456048
2.436517
2.465814
2.468255
2.473138
2.512201
2.468255
2.402338
2.438959
2.480462
2.397455
2.456048
2.370599
2.424310
2.414545
2.409662
2.424310
2.470697
2.448724
2.431634
2.441400
2.431634
2.448724
2.399896
2.465814
2.395013
2.438959
2.390131
2.392572
2.409662
2.470697
2.409662
2.429193
2.436517
2.441400
2.365716
2.348627
2.360834
2.387689
2.409662
2.387689
2.331537
2.319330
2.346185
2.390131
2.446283
2.424310
2.416986
2.373041
2.346185
2.385248
2.370599
2.309564
2.351068
2.363275
2.392572
2.363275
2.316889
2.331537
2.343744
2.353510
2.312006
2.348627
2.316889
2.329096
2.368158
2.312006
2.346185
2.297357
2.297357
2.314447
2.336420
2.351068
2.314447
2.392572
2.333978
2.390131
2.355951
2.312006
2.353510
2.382806
2.355951
2.324213
2.336420
2.395013
2.360834
2.299799
2.312006
2.314447
2.333978
2.368158
2.353510
2.321771
2.309564
2.326654
2.353510
2.365716
2.312006
2.346185
2.292475
2.277826
2.360834
2.312006
