4.379871
4.316395
4.340809
4.316395
4.191884
4.238270
4.179677
4.233387
4.196766
4.377430
4.282216
4.223622
4.184559
4.304188
4.289540
4.201649
4.194325
4.321278
4.216298
4.243153
4.252919
4.145497
4.196766
4.155263
4.172352
4.184559
4.123525
4.121083
4.077138
4.101552
4.101552
4.089345
4.125966
4.086904
4.086904
4.113759
4.084462
4.177235
4.140615
4.130849
4.226063
4.089345
4.201649
4.174794
4.174794
4.184559
4.118642
4.003896
4.003896
3.986806
4.020986
3.999013
4.028310
4.023427
3.955068
3.999013
4.020986
3.898916
3.964833
3.950185
3.967275
3.879385
3.881826
3.947744
3.913564
3.872060
3.957509
3.916006
3.908681
3.815908
3.845205
3.784170
3.820791
3.845205
3.857412
3.835439
3.830557
3.835439
3.837881
3.791494
3.830557
3.793936
3.764639
3.728018
3.784170
3.769521
3.774404
3.715811
3.664541
3.679190
3.706045
3.735342
3.735342
3.686514
3.728018
3.671865
3.706045
3.671865
3.681631
3.671865
3.593741
3.608389
3.574209
3.549796
3.603506
3.671865
3.640127
3.703604
3.723135
3.666983
3.630362
3.513175
3.569327
3.571768
3.503409
3.559561
3.522940
3.564444
3.588858
3.500968
3.476553
3.437491
3.449698
3.422843
3.371573
3.417960
3.447257
3.500968
3.540030
3.437491
3.408194
3.454581
3.454581
3.510733
3.435050
3.332511
3.359366
3.415519
3.383780
3.330070
3.300773
3.317863
3.376456
3.300773
3.435050
3.344718
3.347159
3.312980
3.310538
3.259269
3.303214
3.305655
3.317863
3.308097
3.337394
3.303214
3.344718
3.249503
3.259269
3.225089
3.229972
3.276359
3.293448
3.249503
3.288566
3.269035
3.278800
3.193351
3.122550
3.183586
3.242179
3.244621
3.203117
3.186027
3.215324
3.190910
3.215324
3.168937
3.193351
3.210441
3.254386
3.176261
3.259269
3.249503
3.386222
3.435050
3.525382
3.571768
3.662100
3.813467
3.940419
4.116200
4.379871
4.731433
5.058581
5.219713
5.444322
5.629869
5.756821
5.927719
6.008286
6.159652
6.196273
6.110824
6.157211
6.081527
5.971664
6.105941
6.079086
6.147445
6.147445
5.952133
5.852036
5.627427
5.576158
5.349107
5.200182
5.051257
4.919421
4.667957
4.616687
4.604480
4.614246
4.711902
4.575183
4.614246
4.709461
4.738757
4.916979
4.904773
4.946276
4.982897
5.065905
4.982897
5.048815
5.024401
4.985339
4.975573
4.914538
4.936511
4.797351
4.780261
4.638660
4.611804
4.506824
4.487293
4.423817
4.377430
4.318837
4.240712
4.230946
4.069814
4.057607
3.972158
3.942861
3.735342
3.627920
3.640127
3.562003
3.613272
3.447257
3.330070
3.281242
3.322745
3.342277
3.293448
3.342277
3.310538
3.281242
3.207999
3.159172
3.171379
3.127433
3.132316
2.993156
2.988274
3.068840
2.993156
2.968742
2.988274
3.054191
2.954094
2.922356
2.917473
2.890618
2.856438
2.932121
2.900383
2.856438
2.753899
2.802727
2.783196
2.724602
2.746575
2.753899
2.758782
2.670892
2.675774
2.697747
2.685540
2.641595
2.646477
2.641595
2.551263
2.580560
2.580560
2.583001
2.578118
2.597650
2.587884
2.536615
2.568353
2.531732
2.556146
2.619622
2.509759
2.509759
2.541497
2.465814
2.509759
2.546380
2.526849
2.509759
2.546380
2.583001
2.524408
2.465814
2.519525
2.543939
2.507318
2.473138
2.468255
2.470697
2.431634
2.502435
2.543939
2.480462
2.482904
2.465814
2.490228
2.470697
2.492669
2.482904
2.458490
2.426752
2.446283
2.473138
2.456048
2.468255
2.441400
2.399896
2.468255
2.424310
2.360834
2.424310
2.392572
2.487787
2.543939
2.548821
2.468255
2.409662
2.421869
2.368158
2.424310
2.438959
2.473138
2.438959
2.468255
2.451166
2.487787
2.453607
2.468255
2.482904
2.463372
2.443841
2.436517
2.431634
2.365716
2.409662
2.416986
2.429193
2.441400
2.468255
2.368158
2.473138
2.424310
2.441400
2.470697
2.412103
2.487787
2.390131
2.402338
2.421869
2.329096
2.395013
2.365716
2.321771
2.402338
2.431634
2.404779