3.996572
4.030751
4.108876
4.030751
4.018544
3.989248
4.069814
4.086904
3.950185
3.986806
3.974599
3.989248
4.001454
4.008779
4.001454
3.913564
4.035634
3.964833
3.937978
3.925771
3.962392
3.957509
3.957509
3.952626
4.001454
3.935537
3.925771
3.947744
3.920888
3.989248
3.901357
3.964833
3.857412
3.911123
3.894033
3.881826
3.857412
3.852529
3.891592
3.881826
3.867177
3.894033
3.913564
3.808584
3.749990
3.757314
3.869619
3.872060
3.857412
3.732901
3.796377
3.837881
3.776846
3.779287
3.688955
3.684072
3.715811
3.718252
3.615713
3.681631
3.723135
3.635245
3.713369
3.598624
3.610831
3.635245
3.610831
3.557120
3.603506
3.574209
3.615713
3.613272
3.559561
3.549796
3.579092
3.566885
3.513175
3.635245
3.613272
3.540030
3.559561
3.505850
3.503409
3.562003
3.603506
3.537589
3.471671
3.500968
3.542471
3.520499
3.488760
3.483878
3.430167
3.469229
3.500968
3.537589
3.469229
3.452140
3.452140
3.356925
3.425284
3.383780
3.386222
3.395987
3.327628
3.352042
3.381339
3.386222
3.288566
3.356925
3.327628
3.322745
3.271476
3.308097
3.227531
3.247062
3.327628
3.264152
3.264152
3.286124
3.369132
3.259269
3.251945
3.264152
3.249503
3.288566
3.251945
3.227531
3.244621
3.203117
3.151847
3.149406
3.188468
3.232414
3.256828
3.212882
3.188468
3.149406
3.110343
3.124992
3.183586
3.134758
3.054191
3.117668
3.124992
3.112785
3.071281
3.090812
3.103019
3.117668
3.154289
3.164054
3.200675
3.142082
3.049309
3.034660
3.110343
3.110343
3.105461
3.071281
3.046867
3.066398
3.164054
3.151847
3.149406
3.149406
3.207999
3.249503
3.237296
3.266593
3.332511
3.395987
3.420401
3.403311
3.540030
3.671865
3.835439
3.986806
4.277333
4.484852
4.682605
4.919421
5.141588
5.434556
5.637193
5.996078
6.364730
6.579573
6.821271
6.884748
6.884748
7.131329
7.253399
7.214337
7.241192
7.182599
6.999494
7.187481
6.970197
6.867658
6.691877
6.535628
6.445296
6.264632
6.098617
5.861801
5.715317
5.551744
5.234362
5.153795
5.063464
4.963366
4.824206
4.719226
4.406727
4.333485
4.233387
4.069814
3.918447
3.898916
3.666983
3.576651
3.542471
3.471671
3.400870
3.322745
3.315421
3.254386
3.210441
3.188468
3.161613
3.081047
3.039543
2.971184
2.944328
2.971184
2.951653
2.985832
2.946770
2.883293
2.883293
2.917473
2.878411
2.937004
2.900383
2.871086
2.832024
2.790520
2.792962
2.770989
2.707513
2.792962
2.780755
2.822258
2.778313
2.719720
2.680657
2.714837
2.702630
2.746575
2.673333
2.675774
2.622064
2.604974
2.634271
2.602532
2.695306
2.666009
2.673333
2.675774
2.641595
2.587884
2.597650
2.592767
2.590325
2.622064
2.634271
2.609857
2.585443
2.583001
2.546380
2.673333
2.624505
2.600091
2.609857
2.568353
2.558587
2.565911
2.517083
2.622064
2.619622
2.565911
2.626946
2.509759
2.595208
2.597650
2.519525
2.534173
2.495111
2.531732
2.492669
2.536615
2.563470
2.519525
2.539056
2.514642
2.541497
2.509759
2.573236
2.543939
2.497552
2.509759
2.485345
2.517083
2.495111
2.548821
2.490228
2.509759
2.521966
2.495111
2.468255
2.429193
2.541497
2.499994
2.434076
2.424310
2.478021
2.480462
2.468255
2.460931
2.468255
2.475580
2.460931
2.480462
2.470697
2.482904
2.419427
2.509759
2.487787
2.441400
2.412103
2.446283
2.473138
2.460931
2.436517
2.431634
2.370599
2.380365
2.448724
2.431634
2.465814
2.441400
2.456048
2.431634
2.404779
2.429193
2.465814
2.478021
2.404779
2.351068
2.463372
2.392572
2.412103
2.507318
2.431634
2.443841
2.390131
2.448724
2.395013
2.434076
2.412103
2.502435
2.453607
2.402338
2.412103
2.499994
2.473138
2.370599
2.346185
2.402338
2.468255
2.414545
2.431634
2.399896
2.421869
2.426752
2.409662
2.512201
2.409662
2.412103
2.404779
2.404779
2.426752
2.426752
2.404779
2.407220
2.441400
2.424310
2.368158
2.456048
